17, program, 2, 0
45, show_do_milhao, 2, 8
35, ;, 2, 22
18, var, 5, 0
45, op1, 5, 4
36, ,, 5, 7
45, op2, 5, 9
36, ,, 5, 12
45, op3, 5, 14
16, :, 5, 17
45, integer, 5, 18
35, ;, 5, 25
22, begin, 6, 0
44, ["'", 'Digite', 'o', 'n1', '.', '\\', 'n'], 7, 0
34, read, 8, 4
38, (, 8, 8
45, op1, 8, 9
39, ), 8, 12
35, ;, 8, 13
44, ["'", 'Digite', 'o', 'n2', '.', '\\', 'n'], 9, 0
34, read, 10, 4
38, (, 10, 8
45, op2, 10, 9
39, ), 10, 12
35, ;, 10, 13
44, ["'", 'Digite', '1', 'para', 'soma', ',', '2', 'para', 'subtracao', '.', '\\', 'n'], 12, 0
34, read, 13, 4
38, (, 13, 8
45, op3, 13, 9
39, ), 13, 12
35, ;, 13, 13
30, if, 15, 4
45, op3, 15, 7
10, =, 15, 10
45, 1, 15, 11
32, then, 15, 13
22, begin, 16, 4
44, ["'", 'a', 'soma', 'eh'], 17, 0
23, end, 18, 4
35, ;, 18, 7
30, if, 19, 4
45, op3, 19, 7
10, =, 19, 10
45, 2, 19, 11
32, then, 19, 13
22, begin, 20, 4
44, ["'", 'a', 'sub', 'eh'], 21, 0
23, end, 22, 4
35, ;, 22, 7
23, end, 23, 0
37, ., 23, 3
